<?xml version="1.0" encoding="utf-8"?>
<COLLADA xmlns="http://www.collada.org/2005/11/COLLADASchema" version="1.4.1">
  <asset><contributor><author>Mixamo</author><authoring_tool>COLLADA Mixamo exporter</authoring_tool><comments></comments></contributor><created>2020-12-03T01:21:52Z</created><modified>2020-12-03T01:21:52Z</modified><revision></revision><title></title><unit meter="0.010000"/><up_axis>Y_UP</up_axis></asset>
  <library_animations>
    <animation id="mixamorig_Hips-anim" name="mixamorig_Hips"><source id="mixamorig_Hips-Matrix-animation-input"><float_array id="mixamorig_Hips-Matrix-animation-input-array" count="77">

0.000000 0.033333 0.066667 0.100000 0.133333 0.166667 0.200000 0.233333 0.266667 0.300000 0.333333 0.366667 0.400000 0.433333 0.466667 0.500000
0.533333 0.566667 0.600000 0.633333 0.666667 0.700000 0.733333 0.766667 0.800000 0.833333 0.866667 0.900000 0.933333 0.966667 1.000000 1.033333
1.066667 1.100000 1.133333 1.166667 1.200000 1.233333 1.266667 1.300000 1.333333 1.366667 1.400000 1.433333 1.466667 1.500000 1.533333 1.566667
1.600000 1.633333 1.666667 1.700000 1.733333 1.766667 1.800000 1.833333 1.866667 1.900000 1.933333 1.966667 2.000000 2.033333 2.066667 2.100000
2.133333 2.166667 2.200000 2.233333 2.266667 2.300000 2.333333 2.366667 2.400000 2.433333 2.466667 2.500000 2.533333</float_array><technique_common><accessor source="#mixamorig_Hips-Matrix-animation-input-array" count="77"><param name="TIME" type="float"/></accessor></technique_common></source><source id="mixamorig_Hips-Matrix-animation-output-transform"><float_array id="mixamorig_Hips-Matrix-animation-output-transform-array" count="1232">

-0.910773 0.039148 0.411048 -0.005239 0.054869 0.998142 0.026512 3.039998 -0.409246 0.046700 -0.911228 0.015373 0.000000 0.000000 0.000000 1.000000
-0.893211 0.041667 0.447703 -0.008379 0.049339 0.998767 0.005483 3.027319 -0.446923 0.026987 -0.894165 0.017537 0.000000 0.000000 0.000000 1.000000
-0.842067 0.053868 0.536676 -0.016185 0.034546 0.998344 -0.046003 2.993065 -0.538266 -0.020198 -0.842533 0.021285 0.000000 0.000000 0.000000 1.000000
-0.758328 0.082227 0.646667 -0.026090 0.013991 0.993837 -0.109965 2.942801 -0.651723 -0.074342 -0.754804 0.021493 0.000000 0.000000 0.000000 1.000000
-0.652036 0.126118 0.747625 -0.032593 -0.006853 0.985048 -0.172146 2.880712 -0.758157 -0.117369 -0.641422 0.013861 0.000000 0.000000 0.000000 1.000000
-0.546245 0.176568 0.818804 -0.026759 -0.022393 0.974102 -0.224996 2.809632 -0.837326 -0.141238 -0.528145 -0.002141 0.000000 0.000000 0.000000 1.000000
-0.468349 0.268826 0.841654 -0.048983 -0.031111 0.946981 -0.319779 2.738879 -0.882996 -0.175953 -0.435154 0.004830 0.000000 0.000000 0.000000 1.000000
-0.421446 0.354338 0.834762 -0.062784 -0.042326 0.911815 -0.408414 2.667934 -0.905865 -0.207457 -0.369283 0.009110 0.000000 0.000000 0.000000 1.000000
-0.425578 0.403481 0.809992 -0.066932 -0.045483 0.884427 -0.464456 2.594018 -0.903778 -0.234503 -0.358042 0.015490 0.000000 0.000000 0.000000 1.000000
-0.433545 0.416996 0.798845 -0.068464 -0.028658 0.879662 -0.474735 2.516496 -0.900676 -0.228713 -0.369423 0.020087 0.000000 0.000000 0.000000 1.000000
-0.453037 0.416254 0.788346 -0.059177 0.003926 0.885223 -0.465150 2.442962 -0.891483 -0.207635 -0.402673 0.025728 0.000000 0.000000 0.000000 1.000000
-0.465104 0.435199 0.770896 -0.030635 0.040055 0.880270 -0.472778 2.343117 -0.884349 -0.189013 -0.426849 0.027915 0.000000 0.000000 0.000000 1.000000
-0.473374 0.474049 0.742425 0.016405 0.074171 0.861297 -0.502659 2.258031 -0.877733 -0.182879 -0.442876 0.026232 0.000000 0.000000 0.000000 1.000000
-0.481215 0.513571 0.710406 0.074619 0.106342 0.838624 -0.534229 2.182828 -0.870129 -0.181533 -0.458172 0.023041 0.000000 0.000000 0.000000 1.000000
-0.489704 0.538353 0.685832 0.137433 0.135325 0.824004 -0.550186 2.110025 -0.861323 -0.176618 -0.476371 0.019317 0.000000 0.000000 0.000000 1.000000
-0.498021 0.545723 0.673915 0.204133 0.156643 0.820977 -0.549053 2.037420 -0.852900 -0.167876 -0.494347 0.012453 0.000000 0.000000 0.000000 1.000000
-0.504883 0.542341 0.671535 0.278333 0.167906 0.824816 -0.539895 1.972302 -0.846700 -0.159829 -0.507497 -0.001188 0.000000 0.000000 0.000000 1.000000
-0.508604 0.538431 0.671874 0.362689 0.169432 0.827671 -0.535026 1.922696 -0.844165 -0.158280 -0.512184 -0.024458 0.000000 0.000000 0.000000 1.000000
-0.506683 0.543791 0.669002 0.460898 0.161434 0.822103 -0.545971 1.894488 -0.846883 -0.168634 -0.504332 -0.060518 0.000000 0.000000 0.000000 1.000000
-0.497363 0.568379 0.655420 0.583591 0.145609 0.799464 -0.582799 1.889649 -0.855235 -0.194428 -0.480385 -0.111970 0.000000 0.000000 0.000000 1.000000
-0.481987 0.618093 0.621007 0.744633 0.124231 0.749816 -0.649879 1.903911 -0.867327 -0.236085 -0.438188 -0.180790 0.000000 0.000000 0.000000 1.000000
-0.460535 0.686888 0.562221 0.949489 0.102802 0.670399 -0.734845 1.923456 -0.881668 -0.280625 -0.379356 -0.265538 0.000000 0.000000 0.000000 1.000000
-0.425744 0.759824 0.491334 1.192571 0.089579 0.575730 -0.812718 1.943158 -0.900399 -0.301996 -0.313178 -0.359688 0.000000 0.000000 0.000000 1.000000
-0.371387 0.828583 0.418953 1.469815 0.087192 0.480356 -0.872729 1.977046 -0.924375 -0.287591 -0.250644 -0.455506 0.000000 0.000000 0.000000 1.000000
-0.313366 0.891520 0.327101 1.788497 0.081348 0.368384 -0.926108 2.038588 -0.946142 -0.263601 -0.187962 -0.555380 0.000000 0.000000 0.000000 1.000000
-0.266659 0.946534 0.181565 2.173949 0.065746 0.205813 -0.976380 2.116637 -0.961546 -0.248424 -0.117113 -0.663583 0.000000 0.000000 0.000000 1.000000
-0.222333 0.974535 -0.029129 2.623851 0.057122 -0.016805 -0.998226 2.165064 -0.973296 -0.223603 -0.051931 -0.767423 0.000000 0.000000 0.000000 1.000000
-0.183093 0.945629 -0.268816 3.068743 0.062967 -0.261597 -0.963121 2.191654 -0.981077 -0.193267 -0.011647 -0.856836 0.000000 0.000000 0.000000 1.000000
-0.136621 0.868369 -0.476728 3.498350 0.102381 -0.466286 -0.878690 2.228949 -0.985319 -0.168856 -0.025200 -0.915303 0.000000 0.000000 0.000000 1.000000
-0.079381 0.785775 -0.613397 3.920900 0.166545 -0.596236 -0.785345 2.168405 -0.982833 -0.164499 -0.083537 -0.955182 0.000000 0.000000 0.000000 1.000000
-0.013282 0.719074 -0.694806 4.325451 0.249855 -0.670438 -0.698631 2.101009 -0.968192 -0.182880 -0.170760 -0.982110 0.000000 0.000000 0.000000 1.000000
0.069378 0.635771 -0.768754 4.839664 0.322975 -0.743421 -0.585673 1.980870 -0.943861 -0.207655 -0.256915 -1.011016 0.000000 0.000000 0.000000 1.000000
0.182949 0.489396 -0.852655 5.261692 0.355677 -0.841493 -0.406674 1.863841 -0.916528 -0.228869 -0.328018 -1.038197 0.000000 0.000000 0.000000 1.000000
0.318408 0.280740 -0.905429 5.717358 0.331939 -0.927688 -0.170911 1.683003 -0.887937 -0.246128 -0.388572 -1.077234 0.000000 0.000000 0.000000 1.000000
0.449174 0.059361 -0.891470 6.077868 0.261228 -0.962914 0.067504 1.489613 -0.854402 -0.263198 -0.448022 -1.119220 0.000000 0.000000 0.000000 1.000000
0.552294 -0.149711 -0.820096 6.284923 0.157412 -0.947318 0.278945 1.286772 -0.818653 -0.283152 -0.499632 -1.155883 0.000000 0.000000 0.000000 1.000000
0.609351 -0.353601 -0.709688 6.421201 0.030543 -0.883921 0.466637 1.079714 -0.792312 -0.306022 -0.527819 -1.192680 0.000000 0.000000 0.000000 1.000000
0.608923 -0.545273 -0.576099 6.577388 -0.106543 -0.775911 0.621780 0.865290 -0.786042 -0.317237 -0.530565 -1.240349 0.000000 0.000000 0.000000 1.000000
0.558335 -0.711325 -0.426941 6.683778 -0.252949 -0.636084 0.728982 0.656978 -0.790113 -0.299022 -0.535077 -1.288414 0.000000 0.000000 0.000000 1.000000
0.460340 -0.851134 -0.252306 6.800558 -0.411928 -0.456559 0.788587 0.536875 -0.786385 -0.259086 -0.560778 -1.329186 0.000000 0.000000 0.000000 1.000000
0.304510 -0.951547 -0.042803 6.942549 -0.560920 -0.215459 0.799341 0.454463 -0.769833 -0.219398 -0.599351 -1.365349 0.000000 0.000000 0.000000 1.000000
0.104559 -0.979689 0.171105 7.065496 -0.658720 0.060675 0.749938 0.477072 -0.745088 -0.191123 -0.638996 -1.394877 0.000000 0.000000 0.000000 1.000000
-0.099560 -0.934469 0.341841 7.187925 -0.702768 0.309247 0.640690 0.492464 -0.704419 -0.176448 -0.687503 -1.399788 0.000000 0.000000 0.000000 1.000000
-0.279200 -0.847781 0.450904 7.344142 -0.715900 0.496731 0.490658 0.580344 -0.639948 -0.185810 -0.745614 -1.377715 0.000000 0.000000 0.000000 1.000000
-0.425499 -0.746527 0.511515 7.532437 -0.704031 0.628211 0.331196 0.702433 -0.568586 -0.219199 -0.792882 -1.354343 0.000000 0.000000 0.000000 1.000000
-0.535779 -0.642850 0.547435 7.736158 -0.660667 0.722905 0.202304 0.818331 -0.525795 -0.253282 -0.812027 -1.350995 0.000000 0.000000 0.000000 1.000000
-0.624335 -0.539087 0.565324 7.954182 -0.585463 0.802031 0.118233 0.936407 -0.517145 -0.257159 -0.816352 -1.369654 0.000000 0.000000 0.000000 1.000000
-0.712110 -0.438037 0.548655 8.179682 -0.493143 0.868320 0.053192 1.061586 -0.499709 -0.232687 -0.834355 -1.401363 0.000000 0.000000 0.000000 1.000000
-0.799211 -0.344613 0.492447 8.406462 -0.403793 0.914724 -0.015209 1.184852 -0.445212 -0.211001 -0.870210 -1.439044 0.000000 0.000000 0.000000 1.000000
-0.863432 -0.259367 0.432683 8.631969 -0.321627 0.943806 -0.076062 1.295161 -0.388641 -0.204837 -0.898332 -1.485144 0.000000 0.000000 0.000000 1.000000
-0.893705 -0.172519 0.414160 8.853509 -0.237641 0.965010 -0.110823 1.393397 -0.380550 -0.197465 -0.903432 -1.538372 0.000000 0.000000 0.000000 1.000000
-0.896184 -0.077492 0.436863 9.066422 -0.146492 0.981092 -0.126485 1.476760 -0.418802 -0.177350 -0.890591 -1.598227 0.000000 0.000000 0.000000 1.000000
-0.881027 0.007955 0.472999 9.256049 -0.066214 0.987942 -0.139949 1.568118 -0.468409 -0.154618 -0.869877 -1.649015 0.000000 0.000000 0.000000 1.000000
-0.882007 0.065975 0.466595 9.535542 -0.006237 0.988430 -0.151550 1.693089 -0.471195 -0.136578 -0.871391 -1.746705 0.000000 0.000000 0.000000 1.000000
-0.910976 0.095726 0.401198 9.717382 0.035678 0.987338 -0.154569 1.809582 -0.410914 -0.126495 -0.902856 -1.804305 0.000000 0.000000 0.000000 1.000000
-0.936552 0.124737 0.327583 9.888098 0.077104 0.984961 -0.154616 1.945822 -0.341943 -0.119548 -0.932085 -1.851412 0.000000 0.000000 0.000000 1.000000
-0.940466 0.165137 0.297074 10.071176 0.118030 0.978320 -0.170172 2.079024 -0.318735 -0.124977 -0.939568 -1.903661 0.000000 0.000000 0.000000 1.000000
-0.911748 0.214464 0.350314 10.253266 0.145909 0.966348 -0.211852 2.202406 -0.383960 -0.142042 -0.912359 -1.966028 0.000000 0.000000 0.000000 1.000000
-0.851206 0.271107 0.449387 10.430225 0.159730 0.949452 -0.270234 2.310685 -0.499934 -0.158245 -0.851484 -2.051214 0.000000 0.000000 0.000000 1.000000
-0.787055 0.326348 0.523489 10.610179 0.169258 0.930280 -0.325469 2.404642 -0.593208 -0.167558 -0.787419 -2.161203 0.000000 0.000000 0.000000 1.000000
-0.744826 0.363576 0.559505 10.799435 0.174529 0.915475 -0.362555 2.487962 -0.644029 -0.172391 -0.745324 -2.289961 0.000000 0.000000 0.000000 1.000000
-0.736359 0.365950 0.569084 11.003074 0.166303 0.913195 -0.372046 2.554583 -0.655835 -0.179319 -0.733298 -2.430623 0.000000 0.000000 0.000000 1.000000
-0.747799 0.335333 0.573018 11.243833 0.144987 0.924724 -0.351943 2.595274 -0.647901 -0.180102 -0.740126 -2.594611 0.000000 0.000000 0.000000 1.000000
-0.754645 0.304026 0.581446 11.471149 0.137121 0.939678 -0.313373 2.602937 -0.641646 -0.156757 -0.750812 -2.758891 0.000000 0.000000 0.000000 1.000000
-0.749012 0.302188 0.589630 11.676401 0.159201 0.945944 -0.282568 2.581928 -0.643146 -0.117777 -0.756632 -2.914662 0.000000 0.000000 0.000000 1.000000
-0.734617 0.333937 0.590614 11.871977 0.199508 0.938326 -0.282384 2.541936 -0.648487 -0.089612 -0.755933 -3.054820 0.000000 0.000000 0.000000 1.000000
-0.713281 0.374957 0.592147 12.092353 0.223506 0.922441 -0.314876 2.507005 -0.664285 -0.092246 -0.741765 -3.189857 0.000000 0.000000 0.000000 1.000000
-0.687505 0.387195 0.614343 12.380730 0.182221 0.910910 -0.370187 2.524709 -0.702946 -0.142559 -0.696810 -3.345749 0.000000 0.000000 0.000000 1.000000
-0.626865 0.392209 0.673210 12.696117 0.101776 0.897874 -0.428327 2.570190 -0.772452 -0.199986 -0.602763 -3.506771 0.000000 0.000000 0.000000 1.000000
-0.566475 0.380164 0.731150 13.025242 0.041425 0.899248 -0.435472 2.603213 -0.823037 -0.216396 -0.525150 -3.672753 0.000000 0.000000 0.000000 1.000000
-0.481443 0.358223 0.799930 13.351979 -0.024953 0.906694 -0.421051 2.646854 -0.876122 -0.222673 -0.427583 -3.824203 0.000000 0.000000 0.000000 1.000000
-0.384017 0.324468 0.864437 13.666780 -0.094347 0.917531 -0.386309 2.691383 -0.918493 -0.229907 -0.321735 -3.959591 0.000000 0.000000 0.000000 1.000000
-0.288179 0.283980 0.914499 13.954086 -0.157631 0.927917 -0.337820 2.732963 -0.944513 -0.241506 -0.222642 -4.074792 0.000000 0.000000 0.000000 1.000000
-0.205118 0.244995 0.947578 14.201653 -0.206875 0.935437 -0.286637 2.771152 -0.956624 -0.254825 -0.141191 -4.167023 0.000000 0.000000 0.000000 1.000000
-0.145948 0.216021 0.965419 14.395165 -0.238418 0.939425 -0.246247 2.802604 -0.960133 -0.266113 -0.085604 -4.235064 0.000000 0.000000 0.000000 1.000000
-0.120012 0.205288 0.971316 14.520448 -0.249987 0.940612 -0.229686 2.824122 -0.960783 -0.270381 -0.061566 -4.278244 0.000000 0.000000 0.000000 1.000000
-0.115530 0.207993 0.971284 14.566735 -0.249379 0.940439 -0.231050 2.833072 -0.961490 -0.268911 -0.056779 -4.294146 0.000000 0.000000 0.000000 1.000000</float_array><technique_common><accessor source="#mixamorig_Hips-Matrix-animation-output-transform-array" count="77" stride="16"><param type="float4x4"/></accessor></technique_common></source><source id="mixamorig_Hips-Interpolations"><Name_array id="mixamorig_Hips-Interpolations-array" count="77">
 LINEAR LINEAR LINEAR LINEAR LINEAR LINEAR LINEAR LINEAR LINEAR LINEAR LINEAR
LINEAR LINEAR LINEAR LINEAR LINEAR LINEAR LINEAR LINEAR LINEAR LINEAR LINEAR LINEAR
LINEAR LINEAR LINEAR LINEAR LINEAR LINEAR LINEAR LINEAR LINEAR LINEAR LINEAR LINEAR
LINEAR LINEAR LINEAR LINEAR LINEAR LINEAR LINEAR LINEAR LINEAR LINEAR LINEAR LINEAR
LINEAR LINEAR LINEAR LINEAR LINEAR LINEAR LINEAR LINEAR LINEAR LINEAR LINEAR LINEAR
LINEAR LINEAR LINEAR LINEAR LINEAR LINEAR LINEAR LINEAR LINEAR LINEAR LINEAR LINEAR
LINEAR LINEAR LINEAR LINEAR LINEAR LINEAR</Name_array><technique_common><accessor source="#mixamorig_Hips-Interpolations-array" count="77"><param type="name"/></accessor></technique_common></source><sampler id="mixamorig_Hips-Matrix-animation-transform"><input semantic="INPUT" source="#mixamorig_Hips-Matrix-animation-input"/><input semantic="OUTPUT" source="#mixamorig_Hips-Matrix-animation-output-transform"/><input semantic="INTERPOLATION" source="#mixamorig_Hips-Interpolations"/></sampler><channel source="#mixamorig_Hips-Matrix-animation-transform" target="mixamorig_Hips/matrix"/></animation>
    <animation id="mixamorig_Spine-anim" name="mixamorig_Spine"><source id="mixamorig_Spine-Matrix-animation-input"><float_array id="mixamorig_Spine-Matrix-animation-input-array" count="77">

0.000000 0.033333 0.066667 0.100000 0.133333 0.166667 0.200000 0.233333 0.266667 0.300000 0.333333 0.366667 0.400000 0.433333 0.466667 0.500000
0.533333 0.566667 0.600000 0.633333 0.666667 0.700000 0.733333 0.766667 0.800000 0.833333 0.866667 0.900000 0.933333 0.966667 1.000000 1.033333
1.066667 1.100000 1.133333 1.166667 1.200000 1.233333 1.266667 1.300000 1.333333 1.366667 1.400000 1.433333 1.466667 1.500000 1.533333 1.566667
1.600000 1.633333 1.666667 1.700000 1.733333 1.766667 1.800000 1.833333 1.866667 1.900000 1.933333 1.966667 2.000000 2.033333 2.066667 2.100000
2.133333 2.166667 2.200000 2.233333 2.266667 2.300000 2.333333 2.366667 2.400000 2.433333 2.466667 2.500000 2.533333</float_array><technique_common><accessor source="#mixamorig_Spine-Matrix-animation-input-array" count="77"><param name="TIME" type="float"/></accessor></technique_common></source><source id="mixamorig_Spine-Matrix-animation-output-transform"><float_array id="mixamorig_Spine-Matrix-animation-output-transform-array" count="1232">

0.999901 0.014052 -0.000780 0.000000 -0.014052 0.993791 -0.110368 0.299500 -0.000776 0.110368 0.993891 0.003900 0.000000 0.000000 0.000000 1.000000
0.999861 0.016508 -0.002442 0.000000 -0.016676 0.993777 -0.110132 0.299500 0.000609 0.110157 0.993914 0.003900 0.000000 0.000000 0.000000 1.000000
0.999780 0.020475 -0.004597 0.000000 -0.020856 0.993751 -0.109657 0.299500 0.002323 0.109729 0.993959 0.003900 0.000000 0.000000 0.000000 1.000000
0.999674 0.024551 -0.006988 0.000000 -0.025168 0.993693 -0.109275 0.299500 0.004261 0.109415 0.993987 0.003900 0.000000 0.000000 0.000000 1.000000
0.999570 0.027824 -0.009222 0.000000 -0.028666 0.993587 -0.109374 0.299500 0.006119 0.109592 0.993958 0.003900 0.000000 0.000000 0.000000 1.000000
0.999487 0.030052 -0.011091 0.000000 -0.031094 0.993400 -0.110403 0.299500 0.007700 0.110692 0.993825 0.003900 0.000000 0.000000 0.000000 1.000000
0.999437 0.030943 -0.012979 -0.000000 -0.032219 0.992999 -0.113648 0.299500 0.009371 0.114002 0.993436 0.003900 0.000000 0.000000 0.000000 1.000000
0.999506 0.029626 -0.010531 0.000000 -0.030661 0.992569 -0.117759 0.299500 0.006964 0.118024 0.992986 0.003900 0.000000 0.000000 0.000000 1.000000
0.999587 0.027906 -0.006816 0.000000 -0.028547 0.991465 -0.127208 0.299500 0.003208 0.127350 0.991853 0.003900 0.000000 0.000000 0.000000 1.000000
0.999601 0.027679 -0.005666 -0.000000 -0.028209 0.988947 -0.145560 0.299500 0.001574 0.145662 0.989333 0.003900 0.000000 0.000000 0.000000 1.000000
0.999502 0.030550 -0.007878 0.000000 -0.031436 0.985495 -0.166768 0.299500 0.002669 0.166933 0.985965 0.003900 0.000000 0.000000 0.000000 1.000000
0.999220 0.037231 -0.013153 0.000000 -0.038999 0.982704 -0.181029 0.299500 0.006185 0.181401 0.983390 0.003900 0.000000 0.000000 0.000000 1.000000
0.998701 0.045664 -0.022592 -0.000000 -0.049084 0.981223 -0.186526 0.299500 0.013651 0.187393 0.982190 0.003900 0.000000 0.000000 0.000000 1.000000
0.997933 0.052921 -0.036463 0.000000 -0.058853 0.980461 -0.187704 0.299500 0.025817 0.189462 0.981549 0.003900 0.000000 0.000000 0.000000 1.000000
0.996998 0.058272 -0.050993 0.000000 -0.066914 0.979758 -0.188670 0.299500 0.038967 0.191515 0.980716 0.003900 0.000000 0.000000 0.000000 1.000000
0.996204 0.061914 -0.061189 0.000000 -0.072571 0.978901 -0.191015 0.299500 0.048072 0.194731 0.979678 0.003900 0.000000 0.000000 0.000000 1.000000
0.995838 0.062873 -0.065978 -0.000000 -0.074686 0.977870 -0.195430 0.299500 0.052230 0.199545 0.978496 0.003900 0.000000 0.000000 0.000000 1.000000
0.995864 0.060741 -0.067569 -0.000000 -0.073217 0.976859 -0.200961 0.299500 0.053799 0.205077 0.977266 0.003900 0.000000 0.000000 0.000000 1.000000
0.996173 0.056706 -0.066507 0.000000 -0.069217 0.976481 -0.204188 0.299500 0.053364 0.208010 0.976670 0.003900 0.000000 0.000000 0.000000 1.000000
0.996676 0.052868 -0.061988 0.000000 -0.064432 0.977139 -0.202601 0.299500 0.049860 0.205921 0.977297 0.003900 0.000000 0.000000 0.000000 1.000000
0.997316 0.049461 -0.053979 -0.000000 -0.059177 0.978706 -0.196553 0.299500 0.043107 0.199220 0.979006 0.003900 0.000000 0.000000 0.000000 1.000000
0.997895 0.047209 -0.044460 -0.000000 -0.054759 0.980692 -0.187737 0.299500 0.034738 0.189777 0.981213 0.003900 0.000000 0.000000 0.000000 1.000000
0.998226 0.048422 -0.034637 0.000000 -0.053857 0.982424 -0.178723 0.299500 0.025374 0.180272 0.983290 0.003900 0.000000 0.000000 0.000000 1.000000
0.998249 0.054012 -0.024126 -0.000000 -0.057371 0.983368 -0.172328 0.299500 0.014417 0.173410 0.984744 0.003900 0.000000 0.000000 0.000000 1.000000
0.998576 0.052521 -0.009310 -0.000000 -0.053339 0.984383 -0.167765 0.299500 0.000354 0.168023 0.985783 0.003900 0.000000 0.000000 0.000000 1.000000
0.998777 0.048826 0.007768 0.000000 -0.046919 0.985605 -0.162421 0.299500 -0.015586 0.161857 0.986691 0.003900 0.000000 0.000000 0.000000 1.000000
0.997990 0.062190 0.012152 0.000000 -0.059561 0.986110 -0.155049 0.299500 -0.021626 0.154013 0.987832 0.003900 0.000000 0.000000 0.000000 1.000000
0.997258 0.073203 0.010839 0.000000 -0.070878 0.986977 -0.144403 0.299500 -0.021268 0.143239 0.989460 0.003900 0.000000 0.000000 0.000000 1.000000
0.996874 0.078761 0.006265 0.000000 -0.077112 0.987139 -0.140036 0.299500 -0.017214 0.139116 0.990127 0.003900 0.000000 0.000000 0.000000 1.000000
0.996701 0.081061 -0.004027 0.000000 -0.080742 0.985299 -0.150552 0.299500 -0.008236 0.150380 0.988594 0.003900 0.000000 0.000000 0.000000 1.000000
0.997178 0.074638 -0.008132 -0.000000 -0.074870 0.980434 -0.182054 0.299500 -0.005615 0.182149 0.983255 0.003900 0.000000 0.000000 0.000000 1.000000
0.997854 0.065218 -0.005779 0.000000 -0.064866 0.972734 -0.222668 0.299500 -0.008900 0.222565 0.974877 0.003900 0.000000 0.000000 0.000000 1.000000
0.998642 0.052094 0.000512 0.000000 -0.050331 0.967277 -0.248681 0.299500 -0.013450 0.248317 0.968585 0.003900 0.000000 0.000000 0.000000 1.000000
0.999188 0.039680 0.007042 0.000000 -0.036661 0.967538 -0.250054 0.299500 -0.016736 0.249593 0.968206 0.003900 0.000000 0.000000 0.000000 1.000000
0.999609 0.024691 0.013151 0.000000 -0.020805 0.970413 -0.240552 0.299500 -0.018701 0.240185 0.970547 0.003900 0.000000 0.000000 0.000000 1.000000
0.999767 0.009661 0.019321 0.000000 -0.004814 0.971570 -0.236702 0.299500 -0.021058 0.236553 0.971390 0.003900 0.000000 0.000000 0.000000 1.000000
0.999804 0.001210 0.019773 0.000000 0.003369 0.973204 -0.229920 0.299500 -0.019521 0.229942 0.973009 0.003900 0.000000 0.000000 0.000000 1.000000
0.999710 -0.003718 0.023813 0.000000 0.008927 0.974884 -0.222535 0.299500 -0.022387 0.222683 0.974634 0.003900 0.000000 0.000000 0.000000 1.000000
0.999362 -0.008671 0.034647 0.000000 0.016245 0.974281 -0.224748 0.299500 -0.031807 0.225167 0.973801 0.003900 0.000000 0.000000 0.000000 1.000000
0.999026 -0.015337 0.041366 0.000000 0.024243 0.974223 -0.224280 0.299500 -0.036860 0.225064 0.973647 0.003900 0.000000 0.000000 0.000000 1.000000
0.998994 -0.019352 0.040448 0.000000 0.027683 0.975809 -0.216865 0.299500 -0.035273 0.217767 0.975363 0.003900 0.000000 0.000000 0.000000 1.000000
0.999156 -0.015374 0.038088 0.000000 0.022924 0.978172 -0.206529 0.299500 -0.034081 0.207228 0.977699 0.003900 0.000000 0.000000 0.000000 1.000000
0.999305 -0.007757 0.036471 -0.000000 0.014973 0.979272 -0.201993 0.299500 -0.034148 0.202399 0.978708 0.003900 0.000000 0.000000 0.000000 1.000000
0.999267 -0.008260 0.037389 0.000000 0.015764 0.978612 -0.205109 0.299500 -0.034896 0.205548 0.978025 0.003900 0.000000 0.000000 0.000000 1.000000
0.998879 -0.018624 0.043527 0.000000 0.027356 0.977412 -0.209567 0.299500 -0.038640 0.210522 0.976825 0.003900 0.000000 0.000000 0.000000 1.000000
0.998091 -0.029429 0.054307 -0.000000 0.040221 0.976912 -0.209822 0.299500 -0.046878 0.211605 0.976230 0.003900 0.000000 0.000000 0.000000 1.000000
0.997414 -0.033363 0.063662 0.000000 0.045915 0.977210 -0.207248 0.299500 -0.055297 0.209635 0.976215 0.003900 0.000000 0.000000 0.000000 1.000000
0.997385 -0.032616 0.064487 0.000000 0.045316 0.977389 -0.206537 0.299500 -0.056292 0.208920 0.976311 0.003900 0.000000 0.000000 0.000000 1.000000
0.997705 -0.032937 0.059158 0.000000 0.044500 0.977482 -0.206275 0.299500 -0.051032 0.208434 0.976704 0.003900 0.000000 0.000000 0.000000 1.000000
0.997885 -0.034416 0.055147 0.000000 0.044921 0.978288 -0.202323 0.299500 -0.046986 0.204372 0.977765 0.003900 0.000000 0.000000 0.000000 1.000000
0.997956 -0.032197 0.055199 0.000000 0.042344 0.980118 -0.193845 0.299500 -0.047861 0.195786 0.979478 0.003900 0.000000 0.000000 0.000000 1.000000
0.998218 -0.023337 0.054926 0.000000 0.033045 0.982542 -0.183082 0.299500 -0.049695 0.184571 0.981562 0.003900 0.000000 0.000000 0.000000 1.000000
0.998394 -0.015196 0.054568 0.000000 0.024469 0.984523 -0.173541 0.299500 -0.051087 0.174598 0.983314 0.003900 0.000000 0.000000 0.000000 1.000000
0.998385 -0.005588 0.056527 0.000000 0.015196 0.985152 -0.171013 0.299500 -0.054732 0.171596 0.983646 0.003900 0.000000 0.000000 0.000000 1.000000
0.998317 0.002299 0.057953 0.000000 0.007990 0.984234 -0.176692 0.299500 -0.057445 0.176858 0.982559 0.003900 0.000000 0.000000 0.000000 1.000000
0.998202 0.016252 0.057690 -0.000000 -0.005213 0.982430 -0.186560 0.299500 -0.059708 0.185924 0.980748 0.003900 0.000000 0.000000 0.000000 1.000000
0.997975 0.033060 0.054337 0.000000 -0.021983 0.980936 -0.193084 0.299500 -0.059684 0.191498 0.979677 0.003900 0.000000 0.000000 0.000000 1.000000
0.997442 0.046287 0.054476 0.000000 -0.034941 0.980506 -0.193357 0.299500 -0.062364 0.190959 0.979615 0.003900 0.000000 0.000000 0.000000 1.000000
0.996440 0.057369 0.061771 0.000000 -0.044649 0.980663 -0.190540 0.299500 -0.071507 0.187104 0.979734 0.003900 0.000000 0.000000 0.000000 1.000000
0.995143 0.068882 0.070321 0.000000 -0.054631 0.980734 -0.187554 0.299500 -0.081885 0.182801 0.979734 0.003900 0.000000 0.000000 0.000000 1.000000
0.994431 0.076719 0.072252 0.000000 -0.062408 0.981154 -0.182873 0.299500 -0.084920 0.177345 0.980478 0.003900 0.000000 0.000000 0.000000 1.000000
0.994763 0.077202 0.066988 0.000000 -0.064475 0.982483 -0.174842 0.299500 -0.079313 0.169607 0.982315 0.003900 0.000000 0.000000 0.000000 1.000000
0.995730 0.070139 0.060026 0.000000 -0.059291 0.984252 -0.166530 0.299500 -0.070761 0.162260 0.984208 0.003900 0.000000 0.000000 0.000000 1.000000
0.996797 0.060985 0.051738 0.000000 -0.051925 0.985540 -0.161288 0.299500 -0.060826 0.158085 0.985550 0.003900 0.000000 0.000000 0.000000 1.000000
0.998077 0.050119 0.036487 -0.000000 -0.043819 0.986678 -0.156674 0.299500 -0.043853 0.154774 0.986976 0.003900 0.000000 0.000000 0.000000 1.000000
0.999004 0.043240 0.011035 0.000000 -0.041109 0.987905 -0.149511 0.299500 -0.017366 0.148909 0.988698 0.003900 0.000000 0.000000 0.000000 1.000000
0.998829 0.045389 -0.016764 -0.000000 -0.047265 0.989405 -0.137275 0.299500 0.010356 0.137907 0.990391 0.003900 0.000000 0.000000 0.000000 1.000000
0.998992 0.026964 -0.035899 0.000000 -0.031088 0.992313 -0.119781 0.299500 0.032393 0.120776 0.992151 0.003900 0.000000 0.000000 0.000000 1.000000
0.999285 0.004574 -0.037537 -0.000000 -0.008526 0.994350 -0.105810 0.299500 0.036841 0.106054 0.993678 0.003900 0.000000 0.000000 0.000000 1.000000
0.999401 -0.004427 -0.034318 0.000000 0.000868 0.994676 -0.103045 0.299500 0.034591 0.102953 0.994085 0.003900 0.000000 0.000000 0.000000 1.000000
0.999767 -0.006183 -0.020679 0.000000 0.004043 0.994777 -0.101988 0.299500 0.021202 0.101881 0.994571 0.003900 0.000000 0.000000 0.000000 1.000000
0.999958 -0.009005 -0.001620 -0.000000 0.008794 0.994769 -0.101766 0.299500 0.002528 0.101748 0.994807 0.003900 0.000000 0.000000 0.000000 1.000000
0.999764 -0.014488 0.016207 -0.000000 0.016065 0.994669 -0.101859 0.299500 -0.014645 0.102096 0.994667 0.003900 0.000000 0.000000 0.000000 1.000000
0.999321 -0.020160 0.030845 0.000000 0.023216 0.994496 -0.102169 0.299500 -0.028616 0.102816 0.994289 0.003900 0.000000 0.000000 0.000000 1.000000
0.998821 -0.024690 0.041797 0.000000 0.028872 0.994303 -0.102602 0.299500 -0.039026 0.103688 0.993844 0.003900 0.000000 0.000000 0.000000 1.000000
0.998423 -0.026180 0.049666 0.000000 0.031201 0.994173 -0.103183 0.299500 -0.046676 0.104570 0.993422 0.003900 0.000000 0.000000 0.000000 1.000000
0.998256 -0.024402 0.053751 0.000000 0.029887 0.994157 -0.103728 0.299500 -0.050905 0.105153 0.993152 0.003900 0.000000 0.000000 0.000000 1.000000</float_array><technique_common><accessor source="#mixamorig_Spine-Matrix-animation-output-transform-array" count="77" stride="16"><param type="float4x4"/></accessor></technique_common></source><source id="mixamorig_Spine-Interpolations"><Name_array id="mixamorig_Spine-Interpolations-array" count="77">
 LINEAR LINEAR LINEAR LINEAR LINEAR LINEAR LINEAR LINEAR LINEAR LINEAR LINEAR
LINEAR LINEAR LINEAR LINEAR LINEAR LINEAR LINEAR LINEAR LINEAR LINEAR LINEAR LINEAR
LINEAR LINEAR LINEAR LINEAR LINEAR LINEAR LINEAR LINEAR LINEAR LINEAR LINEAR LINEAR
LINEAR LINEAR LINEAR LINEAR LINEAR LINEAR LINEAR LINEAR LINEAR LINEAR LINEAR LINEAR
LINEAR LINEAR LINEAR LINEAR LINEAR LINEAR LINEAR LINEAR LINEAR LINEAR LINEAR LINEAR
LINEAR LINEAR LINEAR LINEAR LINEAR LINEAR LINEAR LINEAR LINEAR LINEAR LINEAR LINEAR
LINEAR LINEAR LINEAR LINEAR LINEAR LINEAR</Name_array><technique_common><accessor source="#mixamorig_Spine-Interpolations-array" count="77"><param type="name"/></accessor></technique_common></source><sampler id="mixamorig_Spine-Matrix-animation-transform"><input semantic="INPUT" source="#mixamorig_Spine-Matrix-animation-input"/><input semantic="OUTPUT" source="#mixamorig_Spine-Matrix-animation-output-transform"/><input semantic="INTERPOLATION" source="#mixamorig_Spine-Interpolations"/></sampler><channel source="#mixamorig_Spine-Matrix-animation-transform" target="mixamorig_Spine/matrix"/></animation>
    <animation id="mixamorig_Spine1-anim" name="mixamorig_Spine1"><source id="mixamorig_Spine1-Matrix-animation-input"><float_array id="mixamorig_Spine1-Matrix-animation-input-array" count="77">

0.000000 0.033333 0.066667 0.100000 0.133333 0.166667 0.200000 0.233333 0.266667 0.300000 0.333333 0.366667 0.400000 0.433333 0.466667 0.500000
0.533333 0.566667 0.600000 0.633333 0.666667 0.700000 0.733333 0.766667 0.800000 0.833333 0.866667 0.900000 0.933333 0.966667 1.000000 1.033333
1.066667 1.100000 1.133333 1.166667 1.200000 1.233333 1.266667 1.300000 1.333333 1.366667 1.400000 1.433333 1.466667 1.500000 1.533333 1.566667
1.600000 1.633333 1.666667 1.700000 1.733333 1.766667 1.800000 1.833333 1.866667 1.900000 1.933333 1.966667 2.000000 2.033333 2.066667 2.100000
2.133333 2.166667 2.200000 2.233333 2.266667 2.300000 2.333333 2.366667 2.400000 2.433333 2.466667 2.500000 2.533333</float_array><technique_common><accessor source="#mixamorig_Spine1-Matrix-animation-input-array" count="77"><param name="TIME" type="float"/></accessor></technique_common></source><source id="mixamorig_Spine1-Matrix-animation-output-transform"><float_array id="mixamorig_Spine1-Matrix-animation-output-transform-array" count="1232">

0.999918 0.012822 0.000003 0.000000 -0.012582 0.981226 -0.192449 0.349400 -0.002471 0.192433 0.981307 0.000000 0.000000 0.000000 0.000000 1.000000
0.999858 0.016564 -0.003121 0.000000 -0.016855 0.981270 -0.191900 0.349400 -0.000117 0.191926 0.981409 0.000000 0.000000 0.000000 0.000000 1.000000
0.999730 0.022299 -0.006565 -0.000000 -0.023142 0.981360 -0.190782 0.349400 0.002188 0.190882 0.981611 0.000000 0.000000 0.000000 0.000000 1.000000
0.999537 0.028731 -0.009971 -0.000000 -0.030102 0.981346 -0.189879 0.349400 0.004330 0.190091 0.981757 0.000000 0.000000 0.000000 0.000000 1.000000
0.999319 0.034522 -0.013001 0.000000 -0.036365 0.981110 -0.190002 0.349400 0.006196 0.190345 0.981698 0.000000 0.000000 0.000000 0.000000 1.000000
0.999147 0.038348 -0.015350 0.000000 -0.040584 0.980561 -0.191971 0.349400 0.007690 0.192430 0.981281 -0.000000 0.000000 0.000000 0.000000 1.000000
0.999096 0.039512 -0.015655 -0.000000 -0.041834 0.979247 -0.198307 0.349400 0.007495 0.198783 0.980015 -0.000000 0.000000 0.000000 0.000000 1.000000
0.999264 0.037647 -0.007367 -0.000000 -0.038357 0.977710 -0.206429 0.349400 -0.000569 0.206559 0.978434 -0.000000 0.000000 0.000000 0.000000 1.000000
0.999397 0.034569 0.003263 -0.000000 -0.032949 0.973812 -0.224953 0.349400 -0.010954 0.224710 0.974364 0.000000 0.000000 0.000000 0.000000 1.000000
0.999424 0.032856 0.008514 0.000000 -0.029503 0.964976 -0.260675 0.349400 -0.016780 0.260274 0.965389 0.000000 0.000000 0.000000 0.000000 1.000000
0.999365 0.034748 0.007832 0.000000 -0.030772 0.952975 -0.301482 0.349400 -0.017939 0.301050 0.953440 0.000000 0.000000 0.000000 0.000000 1.000000
0.999123 0.041765 0.003134 -0.000000 -0.038420 0.943746 -0.328432 0.349400 -0.016674 0.328023 0.944522 0.000000 0.000000 0.000000 0.000000 1.000000
0.998698 0.050421 -0.007799 -0.000000 -0.050083 0.939655 -0.338437 0.349400 -0.009736 0.338387 0.940957 0.000000 0.000000 0.000000 0.000000 1.000000
0.998095 0.055645 -0.026636 0.000000 -0.061393 0.938312 -0.340296 0.349400 0.006057 0.341283 0.939941 0.000000 0.000000 0.000000 0.000000 1.000000
0.997163 0.057366 -0.048739 -0.000000 -0.070622 0.937064 -0.341940 0.349400 0.026056 0.344412 0.938457 0.000000 0.000000 0.000000 0.000000 1.000000
0.996073 0.057866 -0.067013 -0.000000 -0.077613 0.934893 -0.346339 0.349400 0.042609 0.350180 0.935713 0.000000 0.000000 0.000000 0.000000 1.000000
0.995329 0.055750 -0.078820 0.000000 -0.080267 0.931512 -0.354744 0.349400 0.053645 0.359414 0.931635 0.000000 0.000000 0.000000 0.000000 1.000000
0.995160 0.048636 -0.085384 0.000000 -0.076685 0.927710 -0.365340 0.349400 0.061443 0.370120 0.926950 0.000000 0.000000 0.000000 0.000000 1.000000
0.995441 0.039289 -0.086907 -0.000000 -0.068985 0.925823 -0.371609 0.349400 0.065860 0.375910 0.924313 0.000000 0.000000 0.000000 0.000000 1.000000
0.996212 0.031779 -0.080948 -0.000000 -0.059547 0.927654 -0.368663 0.349400 0.063376 0.372086 0.926032 -0.000000 0.000000 0.000000 0.000000 1.000000
0.997471 0.025688 -0.066265 -0.000000 -0.047744 0.932866 -0.357045 0.349400 0.052645 0.359306 0.931734 0.000000 0.000000 0.000000 0.000000 1.000000
0.998776 0.019425 -0.045497 0.000000 -0.033756 0.939922 -0.339716 0.349400 0.036165 0.340836 0.939427 -0.000000 0.000000 0.000000 0.000000 1.000000
0.999627 0.015540 -0.022469 0.000000 -0.021940 0.946717 -0.321319 0.349400 0.016278 0.321692 0.946704 0.000000 0.000000 0.000000 0.000000 1.000000
0.999827 0.018520 0.001779 0.000000 -0.017077 0.951439 -0.307365 0.349400 -0.007385 0.307281 0.951590 0.000000 0.000000 0.000000 0.000000 1.000000
0.999152 0.030895 0.027228 0.000000 -0.021365 0.954128 -0.298637 0.349400 -0.035205 0.297802 0.953978 0.000000 0.000000 0.000000 0.000000 1.000000
0.997304 0.052107 0.051670 0.000000 -0.034920 0.956282 -0.290353 0.349400 -0.064540 0.287766 0.955524 -0.000000 0.000000 0.000000 0.000000 1.000000
0.994439 0.079189 0.069425 0.000000 -0.057136 0.959462 -0.275987 0.349400 -0.088466 0.270485 0.958651 0.000000 0.000000 0.000000 0.000000 1.000000
0.991367 0.108468 0.073664 -0.000000 -0.086265 0.962673 -0.256551 0.349400 -0.098742 0.247981 0.963720 -0.000000 0.000000 0.000000 0.000000 1.000000
0.989384 0.131168 0.062562 0.000000 -0.111719 0.961831 -0.249801 0.349400 -0.092939 0.240160 0.966274 -0.000000 0.000000 0.000000 0.000000 1.000000
0.989886 0.134790 0.044233 -0.000000 -0.118047 0.955565 -0.270113 0.349400 -0.078676 0.262160 0.961812 0.000000 0.000000 0.000000 0.000000 1.000000
0.991999 0.120858 0.036497 0.000000 -0.102150 0.938254 -0.330523 0.349400 -0.074189 0.324151 0.943092 0.000000 0.000000 0.000000 0.000000 1.000000
0.993877 0.103205 0.039458 0.000000 -0.078326 0.909977 -0.407195 0.349400 -0.077930 0.401611 0.912489 0.000000 0.000000 0.000000 0.000000 1.000000
0.995473 0.085357 0.041813 0.000000 -0.057002 0.888156 -0.455993 0.349400 -0.076058 0.451545 0.889001 0.000000 0.000000 0.000000 0.000000 1.000000
0.996813 0.067813 0.042021 -0.000000 -0.041005 0.887350 -0.459270 0.349400 -0.068432 0.456083 0.887302 0.000000 0.000000 0.000000 0.000000 1.000000
0.998077 0.041827 0.045755 -0.000000 -0.017314 0.896789 -0.442120 0.349400 -0.059525 0.440477 0.895788 0.000000 0.000000 0.000000 0.000000 1.000000
0.998333 0.014067 0.055982 0.000000 0.011694 0.900454 -0.434793 0.349400 -0.056526 0.434723 0.898789 -0.000000 0.000000 0.000000 0.000000 1.000000
0.997853 -0.004712 0.065330 0.000000 0.031867 0.906334 -0.421359 0.349400 -0.057225 0.422536 0.904538 0.000000 0.000000 0.000000 0.000000 1.000000
0.996754 -0.020652 0.077815 0.000000 0.050613 0.912402 -0.406154 0.349400 -0.062611 0.408774 0.910485 0.000000 0.000000 0.000000 0.000000 1.000000
0.994271 -0.037881 0.099947 0.000000 0.075672 0.909868 -0.407940 0.349400 -0.075486 0.413166 0.907522 0.000000 0.000000 0.000000 0.000000 1.000000
0.992383 -0.055765 0.109847 0.000000 0.095971 0.909022 -0.405548 0.349400 -0.077238 0.413001 0.907450 0.000000 0.000000 0.000000 0.000000 1.000000
0.992341 -0.064194 0.105534 0.000000 0.100829 0.914498 -0.391825 0.349400 -0.071358 0.399465 0.913967 0.000000 0.000000 0.000000 0.000000 1.000000
0.993544 -0.054875 0.099290 -0.000000 0.088307 0.923522 -0.373240 0.349400 -0.071215 0.379598 0.922406 -0.000000 0.000000 0.000000 0.000000 1.000000
0.994547 -0.039336 0.096588 0.000000 0.072177 0.928126 -0.365203 0.349400 -0.075280 0.370183 0.925904 0.000000 0.000000 0.000000 0.000000 1.000000
0.994325 -0.038263 0.099261 0.000000 0.072677 0.925710 -0.371187 0.349400 -0.077684 0.376294 0.923238 0.000000 0.000000 0.000000 0.000000 1.000000
0.992550 -0.052512 0.109938 -0.000000 0.090742 0.920753 -0.379448 0.349400 -0.081300 0.386597 0.918658 -0.000000 0.000000 0.000000 0.000000 1.000000
0.989955 -0.064602 0.125762 0.000000 0.108221 0.918639 -0.379988 0.349400 -0.090982 0.389781 0.916402 0.000000 0.000000 0.000000 0.000000 1.000000
0.988417 -0.065093 0.137095 0.000000 0.112682 0.919890 -0.375640 0.349400 -0.101661 0.386738 0.916569 0.000000 0.000000 0.000000 0.000000 1.000000
0.988155 -0.064437 0.139275 0.000000 0.112748 0.920527 -0.374055 0.349400 -0.104103 0.385328 0.916889 0.000000 0.000000 0.000000 0.000000 1.000000
0.987933 -0.074052 0.136032 0.000000 0.120216 0.920405 -0.372025 0.349400 -0.097656 0.383889 0.918201 0.000000 0.000000 0.000000 0.000000 1.000000
0.987248 -0.085573 0.134232 -0.000000 0.129345 0.922746 -0.363055 0.349400 -0.092795 0.375788 0.922048 0.000000 0.000000 0.000000 0.000000 1.000000
0.987254 -0.083903 0.135236 -0.000000 0.126473 0.929430 -0.346647 0.349400 -0.096608 0.359333 0.928196 0.000000 0.000000 0.000000 0.000000 1.000000
0.988238 -0.070957 0.135468 0.000000 0.112084 0.938716 -0.325959 0.349400 -0.104036 0.337309 0.935628 0.000000 0.000000 0.000000 0.000000 1.000000
0.989163 -0.059233 0.134343 -0.000000 0.098448 0.946412 -0.307592 0.349400 -0.108924 0.317485 0.941987 0.000000 0.000000 0.000000 0.000000 1.000000
0.989686 -0.052712 0.133206 -0.000000 0.091108 0.949166 -0.301304 0.349400 -0.110552 0.310332 0.944178 0.000000 0.000000 0.000000 0.000000 1.000000
0.990298 -0.046349 0.131003 0.000000 0.085470 0.946483 -0.311231 0.349400 -0.109567 0.319408 0.941262 0.000000 0.000000 0.000000 0.000000 1.000000
0.991358 -0.034537 0.126558 0.000000 0.074737 0.941546 -0.328489 0.349400 -0.107815 0.335109 0.935990 -0.000000 0.000000 0.000000 0.000000 1.000000
0.992437 -0.012272 0.122138 0.000000 0.053482 0.938815 -0.340244 0.349400 -0.110489 0.344203 0.932372 0.000000 0.000000 0.000000 0.000000 1.000000
0.991983 0.022140 0.124417 0.000000 0.022006 0.939225 -0.342597 0.349400 -0.124441 0.342588 0.931208 -0.000000 0.000000 0.000000 0.000000 1.000000
0.988530 0.063631 0.136966 0.000000 -0.013340 0.940155 -0.340487 0.349400 -0.150435 0.334755 0.930220 0.000000 0.000000 0.000000 0.000000 1.000000
0.983306 0.102275 0.150498 0.000000 -0.046058 0.940051 -0.337910 0.349400 -0.176036 0.325338 0.929068 0.000000 0.000000 0.000000 0.000000 1.000000
0.980195 0.127440 0.151580 -0.000000 -0.071061 0.940794 -0.331447 0.349400 -0.184846 0.314112 0.931217 0.000000 0.000000 0.000000 0.000000 1.000000
0.981143 0.132548 0.140678 -0.000000 -0.082143 0.944769 -0.317276 0.349400 -0.174963 0.299738 0.937841 -0.000000 0.000000 0.000000 0.000000 1.000000
0.984488 0.122399 0.125708 0.000000 -0.079558 0.950002 -0.301939 0.349400 -0.156379 0.287254 0.945003 0.000000 0.000000 0.000000 0.000000 1.000000
0.988350 0.108748 0.106480 0.000000 -0.073406 0.953469 -0.292420 0.349400 -0.133325 0.281197 0.950343 0.000000 0.000000 0.000000 0.000000 1.000000
0.992615 0.096073 0.074057 0.000000 -0.071293 0.955987 -0.284617 0.349400 -0.098142 0.277235 0.955777 0.000000 0.000000 0.000000 0.000000 1.000000
0.996712 0.077656 0.023121 0.000000 -0.068569 0.960443 -0.269903 0.349400 -0.043165 0.267431 0.962610 0.000000 0.000000 0.000000 0.000000 1.000000
0.998548 0.044163 -0.030836 0.000000 -0.050348 0.968721 -0.242991 0.349400 0.019140 0.244191 0.969538 0.000000 0.000000 0.000000 0.000000 1.000000
0.998137 -0.000871 -0.060999 0.000000 -0.011932 0.977798 -0.209209 0.349400 0.059827 0.209547 0.975966 0.000000 0.000000 0.000000 0.000000 1.000000
